[Mouse]
Sensitivity=0.5881819

[Audio]
AudioLevel=0.05909862
MusicLevel=0.5
SoundLevel=0.5
